Simd Library Performance Report:

Test generation time: 2026.04.02 16:12:57

--------------------------------------------------------------------------------------------------------------------------------------------------------------------------------------------
| Function                     |    API  Scalar AutoVec   Sse2  Sse41   Avx2  Avx5b    Psv | Scal/AVec Scal/S2 Scal/S4 Scal/A2 Scal/A6 Scal/Ps | Scal/AVec AVec/S2 S2/S4 S4/A2 A2/A6 A6/Ps |
--------------------------------------------------------------------------------------------------------------------------------------------------------------------------------------------
| Common, ms,                  | 0.704,  5.107,  1.550, 0.824, 0.777, 0.752, 0.716, 0.722, |     3.29,   6.20,   6.58,   6.79,   7.13,   7.08, |     3.29,   1.88, 1.06, 1.03, 1.05, 0.99, |
--------------------------------------------------------------------------------------------------------------------------------------------------------------------------------------------
| AbsDifference,               | 0.705,  2.027,  0.838, 0.742,      , 0.744, 0.643, 0.657, |     2.42,   2.73,       ,   2.72,   3.15,   3.09, |     2.42,   1.13,     , 1.00, 1.16, 0.98, |
| AbsDifferenceSum,            | 0.383,  1.883,  0.493, 0.464,      , 0.397, 0.373, 0.387, |     3.82,   4.06,       ,   4.75,   5.04,   4.87, |     3.82,   1.06,     , 1.17, 1.06, 0.97, |
| AbsDifferenceSumMasked,      | 0.557,  9.755,  0.692, 0.673,      , 0.658, 0.551, 0.601, |    14.09,  14.49,       ,  14.83,  17.70,  16.23, |    14.09,   1.03,     , 1.02, 1.19, 0.92, |
| AbsDifferenceSums3x3,        | 0.610, 18.455,  9.577, 0.559,      , 0.531, 0.651, 0.542, |     1.93,  33.04,       ,  34.76,  28.35,  34.08, |     1.93,  17.15,     , 1.05, 0.82, 1.20, |
| AbsDifferenceSums3x3Masked,  | 0.851, 20.257, 15.298, 0.875,      , 1.080, 0.959, 0.977, |     1.32,  23.16,       ,  18.76,  21.12,  20.73, |     1.32,  17.49,     , 0.81, 1.13, 0.98, |
| AbsGradientSaturatedSum,     | 0.467,  5.224,  0.935, 0.489,      , 0.524, 0.493, 0.591, |     5.59,  10.69,       ,   9.97,  10.59,   8.84, |     5.59,   1.91,     , 0.93, 1.06, 0.83, |
| AddFeatureDifference,        | 0.866,  4.277,  0.924, 0.849,      , 0.928, 0.864, 0.937, |     4.63,   5.04,       ,   4.61,   4.95,   4.57, |     4.63,   1.09,     , 0.91, 1.07, 0.92, |
| AlphaBlendingUniform[1],     | 0.519,  1.900,  0.547, 0.684,      , 0.496, 0.451, 0.501, |     3.47,   2.78,       ,   3.83,   4.21,   3.79, |     3.47,   0.80,     , 1.38, 1.10, 0.90, |
| AlphaBlendingUniform[2],     | 1.014,  4.128,  1.277, 1.073,      , 0.973, 1.001, 0.943, |     3.23,   3.85,       ,   4.24,   4.12,   4.38, |     3.23,   1.19,     , 1.10, 0.97, 1.06, |
| AlphaBlendingUniform[3],     | 1.410,  5.973,  2.240, 1.482,      , 1.351, 1.532, 1.458, |     2.67,   4.03,       ,   4.42,   3.90,   4.10, |     2.67,   1.51,     , 1.10, 0.88, 1.05, |
| AlphaBlendingUniform[4],     | 1.816,  8.480,  3.624, 2.047,      , 2.184, 2.013, 1.929, |     2.34,   4.14,       ,   3.88,   4.21,   4.40, |     2.34,   1.77,     , 0.94, 1.09, 1.04, |
| AlphaBlending[1],            | 0.612,  2.386,  0.687, 0.616, 0.703, 0.749, 0.629, 0.707, |     3.47,   3.87,   3.40,   3.18,   3.79,   3.37, |     3.47,   1.12, 0.88, 0.94, 1.19, 0.89, |
| AlphaBlending[2],            | 1.128,  4.932,  1.339, 1.125, 1.099, 1.111, 1.110, 1.225, |     3.68,   4.38,   4.49,   4.44,   4.44,   4.03, |     3.68,   1.19, 1.02, 0.99, 1.00, 0.91, |
| AlphaBlending[3],            | 1.659,  6.575,  2.212, 2.293, 2.051, 1.708, 1.569, 1.539, |     2.97,   2.87,   3.21,   3.85,   4.19,   4.27, |     2.97,   0.96, 1.12, 1.20, 1.09, 1.02, |
| AlphaBlending[4],            | 1.977,  8.095,  3.548, 2.375, 2.343, 2.388, 2.073, 2.112, |     2.28,   3.41,   3.45,   3.39,   3.90,   3.83, |     2.28,   1.49, 1.01, 0.98, 1.15, 0.98, |
| AlphaFilling[1],             | 0.537,  2.533,  0.658, 0.508, 0.514, 0.493, 1.097, 0.457, |     3.85,   4.99,   4.92,   5.14,   2.31,   5.54, |     3.85,   1.29, 0.99, 1.04, 0.45, 2.40, |
| AlphaFilling[2],             | 0.812,  4.584,  1.461, 1.038, 0.905, 0.917, 0.865, 0.793, |     3.14,   4.42,   5.06,   5.00,   5.30,   5.78, |     3.14,   1.41, 1.15, 0.99, 1.06, 1.09, |
| AlphaFilling[3],             | 1.052,  6.597,  3.033, 2.370, 2.392, 1.094, 1.018, 1.106, |     2.18,   2.78,   2.76,   6.03,   6.48,   5.97, |     2.18,   1.28, 0.99, 2.19, 1.07, 0.92, |
| AlphaFilling[4],             | 1.370,  8.394,  2.734, 2.127, 2.617, 1.432, 1.536, 1.392, |     3.07,   3.95,   3.21,   5.86,   5.46,   6.03, |     3.07,   1.28, 0.81, 1.83, 0.93, 1.10, |
| AlphaPremultiply,            | 2.618,  5.963,  2.677, 3.592, 2.158, 2.232, 4.461, 2.619, |     2.23,   1.66,   2.76,   2.67,   1.34,   2.28, |     2.23,   0.75, 1.66, 0.97, 0.50, 1.70, |
| AlphaUnpremultiply,          | 3.097, 17.068,  4.021,      , 5.724, 4.295, 4.219, 2.662, |     4.24,       ,   2.98,   3.97,   4.05,   6.41, |     4.24,       , 0.70, 1.33, 1.02, 1.59, |
| AveragingBinarization[!=],   | 2.619,  7.126,  4.675, 2.347,      , 2.510, 2.529, 2.585, |     1.52,   3.04,       ,   2.84,   2.82,   2.76, |     1.52,   1.99,     , 0.94, 0.99, 0.98, |
| AveragingBinarization[< ],   | 2.692,  6.686,  4.614, 2.388,      , 2.485, 2.501, 2.605, |     1.45,   2.80,       ,   2.69,   2.67,   2.57, |     1.45,   1.93,     , 0.96, 0.99, 0.96, |
| AveragingBinarization[<=],   | 2.507,  6.424,  4.882, 2.603,      , 3.390, 2.576, 2.697, |     1.32,   2.47,       ,   1.89,   2.49,   2.38, |     1.32,   1.88,     , 0.77, 1.32, 0.96, |
| AveragingBinarization[==],   | 2.590,  8.677,  5.510, 2.468,      , 2.439, 2.520, 2.593, |     1.57,   3.52,       ,   3.56,   3.44,   3.35, |     1.57,   2.23,     , 1.01, 0.97, 0.97, |
| AveragingBinarization[> ],   | 2.574,  7.242,  4.606, 2.469,      , 2.707, 2.714, 2.874, |     1.57,   2.93,       ,   2.68,   2.67,   2.52, |     1.57,   1.87,     , 0.91, 1.00, 0.94, |
| AveragingBinarization[>=],   | 2.684,  6.935,  4.784, 2.492,      , 2.503, 3.201, 2.845, |     1.45,   2.78,       ,   2.77,   2.17,   2.44, |     1.45,   1.92,     , 1.00, 0.78, 1.13, |
| BackgroundAdjustRange,       | 0.815, 21.095,  0.782, 0.785,      , 0.882, 0.787, 0.989, |    26.98,  26.86,       ,  23.92,  26.79,  21.32, |    26.98,   1.00,     , 0.89, 1.12, 0.80, |
| BackgroundAdjustRangeMasked, | 1.149, 26.169,  1.035, 0.986,      , 1.054, 1.282, 1.193, |    25.29,  26.54,       ,  24.83,  20.41,  21.94, |    25.29,   1.05,     , 0.94, 0.82, 1.07, |
| BackgroundGrowRangeFast,     | 0.564, 19.361,  0.576, 0.568,      , 0.569, 0.545, 0.597, |    33.59,  34.11,       ,  34.02,  35.52,  32.41, |    33.59,   1.02,     , 1.00, 1.04, 0.91, |
| BackgroundGrowRangeSlow,     | 0.601, 19.617,  0.645, 0.660,      , 1.146, 0.579, 0.644, |    30.40,  29.74,       ,  17.12,  33.87,  30.47, |    30.40,   0.98,     , 0.58, 1.98, 0.90, |
| BackgroundIncrementCount,    | 0.955, 20.659,  0.943, 0.965,      , 0.983, 0.937, 0.976, |    21.90,  21.40,       ,  21.01,  22.06,  21.16, |    21.90,   0.98,     , 0.98, 1.05, 0.96, |
| BackgroundInitMask,          | 0.459,  9.247,  0.466, 0.418,      , 0.415, 0.452, 0.444, |    19.85,  22.10,       ,  22.31,  20.47,  20.82, |    19.85,   1.11,     , 1.01, 0.92, 1.02, |
| BackgroundShiftRange,        | 0.607, 22.775,  1.215, 0.609,      , 0.617, 0.569, 0.561, |    18.75,  37.41,       ,  36.90,  40.04,  40.57, |    18.75,   2.00,     , 0.99, 1.09, 1.01, |
| BackgroundShiftRangeMasked,  | 0.745, 19.501,  1.632, 0.797,      , 0.753, 0.748, 0.747, |    11.95,  24.48,       ,  25.91,  26.07,  26.10, |    11.95,   2.05,     , 1.06, 1.01, 1.00, |
| Base64Decode,                | 0.555,  1.324,  1.326,      , 0.665, 0.541, 0.537, 0.647, |     1.00,       ,   1.99,   2.45,   2.47,   2.05, |     1.00,       , 1.99, 1.23, 1.01, 0.83, |
| Base64Encode,                | 0.554,  1.841,  1.547,      , 0.612, 0.707, 0.534, 0.558, |     1.19,       ,   3.01,   2.60,   3.44,   3.30, |     1.19,       , 2.53, 0.87, 1.32, 0.96, |
| BayerToBgr,                  | 1.438, 14.162, 14.775,      , 1.664, 1.653, 1.411, 1.285, |     0.96,       ,   8.51,   8.57,  10.04,  11.02, |     0.96,       , 8.88, 1.01, 1.17, 1.10, |
| BayerToBgra,                 | 1.526, 14.731, 16.912, 1.399,      , 1.194, 1.364, 1.288, |     0.87,  10.53,       ,  12.33,  10.80,  11.44, |     0.87,  12.09,     , 1.17, 0.88, 1.06, |
| BgrToBayer,                  | 0.878,  1.502,  1.187,      , 0.829,      , 0.833, 1.028, |     1.26,       ,   1.81,       ,   1.80,   1.46, |     1.26,       , 1.43,     , 1.00, 0.81, |
| Binarization[!=],            | 0.539,  1.059,  0.488, 0.490,      , 0.421, 0.504, 0.541, |     2.17,   2.16,       ,   2.51,   2.10,   1.96, |     2.17,   1.00,     , 1.16, 0.84, 0.93, |
| Binarization[< ],            | 0.567,  1.071,  0.491, 0.551,      , 0.425, 0.494, 0.540, |     2.18,   1.94,       ,   2.52,   2.17,   1.98, |     2.18,   0.89,     , 1.30, 0.86, 0.91, |
| Binarization[<=],            | 0.505,  1.301,  0.535, 0.531,      , 0.499, 0.500, 0.497, |     2.43,   2.45,       ,   2.61,   2.60,   2.62, |     2.43,   1.01,     , 1.06, 1.00, 1.01, |
| Binarization[==],            | 0.593,  1.512,  0.479, 0.454,      , 0.424, 1.010, 0.557, |     3.15,   3.33,       ,   3.56,   1.50,   2.72, |     3.15,   1.06,     , 1.07, 0.42, 1.81, |
| Binarization[> ],            | 0.538,  1.216,  0.590, 0.444,      , 0.464, 0.511, 0.573, |     2.06,   2.74,       ,   2.62,   2.38,   2.12, |     2.06,   1.33,     , 0.96, 0.91, 0.89, |
| Binarization[>=],            | 0.541,  1.108,  0.501, 0.610,      , 1.650, 0.499, 0.539, |     2.21,   1.82,       ,   0.67,   2.22,   2.06, |     2.21,   0.82,     , 0.37, 3.30, 0.93, |
| ConditionalCount16i[!=],     | 0.426,  1.240,  1.168, 0.542,      , 0.510, 0.419, 0.505, |     1.06,   2.29,       ,   2.43,   2.96,   2.46, |     1.06,   2.15,     , 1.06, 1.22, 0.83, |
| ConditionalCount16i[< ],     | 0.443,  9.773,  9.429, 0.573,      , 0.502, 0.418, 0.438, |     1.04,  17.05,       ,  19.46,  23.36,  22.32, |     1.04,  16.45,     , 1.14, 1.20, 0.96, |
| ConditionalCount16i[<=],     | 0.444, 10.641,  9.656, 0.554,      , 0.499, 0.426, 0.465, |     1.10,  19.22,       ,  21.33,  24.98,  22.90, |     1.10,  17.44,     , 1.11, 1.17, 0.92, |
| ConditionalCount16i[==],     | 0.464,  1.009,  1.022, 0.558,      , 0.522, 0.491, 0.474, |     0.99,   1.81,       ,   1.93,   2.06,   2.13, |     0.99,   1.83,     , 1.07, 1.06, 1.03, |
| ConditionalCount16i[> ],     | 0.487,  9.327,  9.555, 0.552,      , 0.532, 0.409, 0.510, |     0.98,  16.89,       ,  17.54,  22.80,  18.28, |     0.98,  17.31,     , 1.04, 1.30, 0.80, |
| ConditionalCount16i[>=],     | 0.451,  9.270, 12.669, 1.310,      , 0.544, 0.428, 0.457, |     0.73,   7.08,       ,  17.03,  21.68,  20.27, |     0.73,   9.67,     , 2.41, 1.27, 0.94, |
| ConditionalCount8u[!=],      | 0.242,  1.021,  1.006, 0.270,      , 0.249, 0.254, 0.240, |     1.02,   3.78,       ,   4.11,   4.03,   4.26, |     1.02,   3.73,     , 1.09, 0.98, 1.06, |
| ConditionalCount8u[< ],      | 0.231,  9.057,  8.854, 0.294,      , 0.258, 0.227, 0.246, |     1.02,  30.77,       ,  35.16,  39.94,  36.81, |     1.02,  30.08,     , 1.14, 1.14, 0.92, |
| ConditionalCount8u[<=],      | 0.277,  8.894,  9.130, 0.304,      , 0.282, 0.245, 0.239, |     0.97,  29.29,       ,  31.56,  36.24,  37.17, |     0.97,  30.07,     , 1.08, 1.15, 1.03, |
| ConditionalCount8u[==],      | 0.269,  1.052,  1.089, 0.276,      , 0.301, 0.277, 0.380, |     0.97,   3.81,       ,   3.49,   3.80,   2.77, |     0.97,   3.95,     , 0.92, 1.09, 0.73, |
| ConditionalCount8u[> ],      | 0.224,  9.131,  9.139, 0.277,      , 0.347, 0.226, 0.260, |     1.00,  33.00,       ,  26.32,  40.39,  35.13, |     1.00,  33.03,     , 0.80, 1.53, 0.87, |
| ConditionalCount8u[>=],      | 0.225,  8.935,  9.014, 0.286,      , 0.277, 0.228, 0.237, |     0.99,  31.21,       ,  32.26,  39.21,  37.64, |     0.99,  31.49,     , 1.03, 1.22, 0.96, |
| ConditionalFill[!=],         | 0.417,  1.143,  0.398, 0.404,      , 0.403, 0.418, 0.413, |     2.87,   2.83,       ,   2.84,   2.73,   2.77, |     2.87,   0.98,     , 1.00, 0.96, 1.01, |
| ConditionalFill[< ],         | 0.407, 10.171,  0.392, 0.391,      , 0.821, 0.394, 0.410, |    25.94,  26.01,       ,  12.39,  25.84,  24.78, |    25.94,   1.00,     , 0.48, 2.09, 0.96, |
| ConditionalFill[<=],         | 0.430,  9.085,  0.392, 0.422,      , 0.407, 0.394, 0.393, |    23.17,  21.52,       ,  22.33,  23.05,  23.14, |    23.17,   0.93,     , 1.04, 1.03, 1.00, |
| ConditionalFill[==],         | 0.331,  1.173,  0.323, 0.388,      , 0.384, 0.304, 0.425, |     3.63,   3.02,       ,   3.05,   3.85,   2.76, |     3.63,   0.83,     , 1.01, 1.26, 0.72, |
| ConditionalFill[> ],         | 0.430, 11.297,  0.401, 0.400,      , 0.401, 0.432, 0.422, |    28.16,  28.23,       ,  28.15,  26.17,  26.75, |    28.16,   1.00,     , 1.00, 0.93, 1.02, |
| ConditionalFill[>=],         | 0.419,  9.783,  0.395, 0.390,      , 0.388, 0.413, 0.412, |    24.75,  25.11,       ,  25.22,  23.66,  23.74, |    24.75,   1.01,     , 1.00, 0.94, 1.00, |
| ConditionalSum[!=],          | 0.381,  1.144,  0.472, 0.456,      , 0.416, 0.383, 0.422, |     2.42,   2.51,       ,   2.75,   2.98,   2.71, |     2.42,   1.04,     , 1.09, 1.09, 0.91, |
| ConditionalSum[< ],          | 0.385,  9.084,  0.470, 0.499,      , 0.436, 0.400, 0.423, |    19.34,  18.21,       ,  20.82,  22.71,  21.50, |    19.34,   0.94,     , 1.14, 1.09, 0.95, |
| ConditionalSum[<=],          | 0.403, 10.431,  0.491, 0.493,      , 0.432, 0.377, 0.408, |    21.25,  21.15,       ,  24.15,  27.65,  25.56, |    21.25,   1.00,     , 1.14, 1.14, 0.92, |
| ConditionalSum[==],          | 0.396,  1.441,  0.637, 0.521,      , 0.441, 0.388, 0.384, |     2.26,   2.77,       ,   3.27,   3.72,   3.75, |     2.26,   1.22,     , 1.18, 1.14, 1.01, |
| ConditionalSum[> ],          | 0.396,  9.231,  0.538, 0.572,      , 0.467, 0.383, 0.413, |    17.16,  16.14,       ,  19.75,  24.12,  22.36, |    17.16,   0.94,     , 1.22, 1.22, 0.93, |
| ConditionalSum[>=],          | 0.412,  8.852,  0.478, 0.470,      , 0.423, 0.402, 0.419, |    18.53,  18.84,       ,  20.93,  22.03,  21.12, |    18.53,   1.02,     , 1.11, 1.05, 0.96, |
| NeuralConvert[0],            | 1.490,  1.381,  1.466, 1.491,      , 1.351, 1.441, 1.489, |     0.94,   0.93,       ,   1.02,   0.96,   0.93, |     0.94,   0.98,     , 1.10, 0.94, 0.97, |
| NeuralConvert[1],            | 1.473,  1.837,  1.390, 1.474,      , 1.313, 1.670, 1.476, |     1.32,   1.25,       ,   1.40,   1.10,   1.24, |     1.32,   0.94,     , 1.12, 0.79, 1.13, |
--------------------------------------------------------------------------------------------------------------------------------------------------------------------------------------------
